PRIM'S ALGORITHM
Minimum spanning tree:
[(1 7 5) (7 10 5) (7 13 5) (7 28 5) (13 24 5) (2 24 5) (13 34 5) (13 37 5) (13 46 5) (14 37 5) (19 28 5) (15 19 5) (15 38 5) (15 43 5) (15 49 5) (19 40 5) (4 40 5) (4 6 5) (17 40 5) (17 29 5) (17 47 5) (19 41 5) (20 41 5) (22 49 5) (18 22 5) (18 23 5) (18 39 5) (22 36 5) (11 36 5) (23 31 5) (25 28 5) (25 44 5) (21 44 5) (21 48 5) (26 38 5) (26 33 5) (26 50 5) (28 35 5) (30 38 5) (32 39 5) (32 42 5) (32 45 5) (8 45 5) (16 45 5) (3 46 6) (5 47 6) (8 9 6) (10 27 6) (12 17 6) ]
Weight of spanning tree: 250
The algorithm worked 6 Milliseconds
KRUSKAL'S ALGORITHM
Minimum spanning tree:
[(0 6 5) (1 23 5) (3 5 5) (3 39 5) (6 9 5) (6 12 5) (6 27 5) (7 44 5) (10 35 5) (12 23 5) (12 33 5) (12 36 5) (12 45 5) (13 36 5) (14 18 5) (14 37 5) (14 42 5) (14 48 5) (15 44 5) (16 28 5) (16 39 5) (16 46 5) (17 21 5) (17 22 5) (17 38 5) (18 27 5) (18 39 5) (18 40 5) (19 40 5) (20 43 5) (20 47 5) (21 35 5) (21 48 5) (22 30 5) (24 27 5) (24 43 5) (25 32 5) (25 37 5) (25 49 5) (27 34 5) (29 37 5) (31 38 5) (31 41 5) (31 44 5) (2 45 6) (4 46 6) (7 8 6) (9 26 6) (11 16 6) ]
Weight of spanning tree: 250
The algorithm worked 23 Milliseconds
BORUVKA'S ALGORITHM
Minimum spanning tree:
[(1 7 5) (2 24 5) (3 46 6) (4 6 5) (5 47 6) (8 45 5) (8 9 6) (7 10 5) (11 36 5) (12 17 6) (7 13 5) (14 37 5) (15 19 5) (16 45 5) (17 29 5) (18 22 5) (20 41 5) (21 44 5) (18 23 5) (25 28 5) (26 33 5) (10 27 6) (7 28 5) (30 38 5) (23 31 5) (32 39 5) (13 34 5) (28 35 5) (13 37 5) (15 38 5) (18 39 5) (4 40 5) (19 41 5) (32 42 5) (15 43 5) (13 46 5) (17 47 5) (21 48 5) (15 49 5) (26 50 5) (13 24 5) (17 40 5) (32 45 5) (22 36 5) (19 28 5) (25 44 5) (26 38 5) (19 40 5) (22 49 5) ]
Weight of spanning tree: 250
The algorithm worked 5 Milliseconds
